residual
3.1838715840288216
-5.383556242771377
2.0933432846367737
2.3208306052467975
-0.33291286560965716
0.2871410798614278
9.567170261994107
-4.863449874547925
0.5072233618759583
5.640321908870234
-1.118876987033417
-7.917814990967614
-0.8326646963797089
-8.641533235796857
-1.3351830538760368
-0.5933316319741948
8.23243481925364
4.869256047605077
0.6812437377453477
-1.2064702274843597
-4.841648902863284
-3.8305636733325628
4.4845396324163715
2.0312908704959227
14.823503712957262
1.1623817304345465
2.8951134901322177
-5.204688664465635
-1.9915047128033763
-2.1575289124317436
-1.2461340255498072
-1.592020988713415
-2.6427319111841
-10.152004302494113
0.6961907656933306
1.4477008619015521
0.9690938230420727
3.601173566136552
-1.6941115596588219
6.039570971993058
-0.7830214001455289
8.007148061241239
0.8004754588177434
1.6665761210150123
4.021954933678302
-1.1847703327504178
0.5157710360049919
-3.0637520020632394
0.3174866386081874
-12.839397678924726
-0.7523541801932083
-4.265263198219245
-0.06737609193616834
6.236562172447833
1.1196060180664062
32.891253336024306
-1.9868028131989774
-1.7444912394767158
0.56948678101638
1.6447986502474805
6.347926624065352
-10.719815935407368
-0.7442198061749679
-3.503477148107578
-0.09964680851794583
1.160556186856624
-0.555769023870397
1.5409535889027666
0.5658087916442724
0.7320351470431348
-1.5999929493871292
2.33287007770528
-13.125359945205346
1.8795877459631356
13.941443706428913
-0.9306244528973053
-5.884115456597371
-2.4348394411419463
-0.35630317495650843
-11.355491499987195
-5.823502871424495
-0.48492850555962264
2.7827353390074023
1.8603750686407778
-7.316732727098923
-1.4627865806144769
-3.1603579697507627
1.6320256488030225
3.7417534464950393
-0.9909589268055612
4.673109283722056
1.7991301863808502
5.4156267925028345
-0.5104705704936237
-1.3863486987249871
-2.128940846758425
-1.419026950648771
-2.443063745948038
-6.0559526298594335
-4.688160033887655
0.43482522989377514
2.840098290003155
5.024696216674229
-1.1805047540455433
0.8780746459960938
-3.725863532541183
-1.3775394476104736
-0.24731929737394864
4.256842400617657
-0.9356302273248644
-0.8702638241881004
-1.4503678183519213
0.45225393972691563
0.11896407011967369
-2.712824644307375
-0.36720581054687784
-14.05862864618716
-2.319250235528301
3.0062200261443337
-1.977985749184839
-5.73276469746574
-6.490748201636961
-6.0996604235852345
3.0760481947609577
-7.785528848337577
-2.784066855668442
-1.8178576558377983
1.8906398208800965
2.2947211226877897
1.6318283081054688
-0.3203736778180968
-4.23556413328545
-1.1847040754091012
5.642844356226689
2.3318073945886937
8.60548762992245
-3.6157576147599997
5.593507607492114
-6.501434374766745
-0.7964899800592065
0.03537339019973729
-7.483588583473477
-4.892469378382842
29.508776354864935
-2.6025871451482487
0.4960551291519124
5.134633754586574
-2.776487206043214
-0.2662866823346235
3.7881782036890854
-2.0169202184384574
-5.861263642251245
-2.8354402656434843
-5.043161992885132
-2.0275051968317115
4.120670084847617
0.18464359063236202
0.4444789556307711
10.25400474872059
