hr_true,hr_pred
98.7710774507002,99.06228
89.18709677419355,89.52961
105.58754863813228,109.19421
84.41717791411043,83.60188
78.22407939409767,76.63531
119.00826446280992,118.56474
81.00848983792127,77.84921
69.06474820143885,78.26834
75.84199584199584,75.605064
77.47542679772374,79.81697
76.37791154148128,76.804535
103.342776203966,105.2437
87.98690671031096,87.85437
103.342776203966,101.38667
98.7710774507002,99.07305
95.07565337001375,95.420616
76.18627721135299,83.89512
101.05263157894736,100.63229
74.46540880503144,80.72864
82.92156240076214,78.64825
118.62835959221502,118.931496
116.93311582381727,115.13491
78.40837696335079,82.69309
100.07818608287724,99.41585
106.9417225373904,104.91153
93.6313497822932,89.94997
97.47223691168692,93.58377
67.75298391281785,69.03921
84.30296377607026,84.86577
86.11212516297262,84.77476
78.20365535248042,82.89684
109.3887240356083,105.91278
126.74071723262456,123.84698
92.31251633133004,99.94549
104.84641638225256,106.09389
101.40582524271844,101.870026
96.60377358490568,97.19583
74.0,76.4736
75.79621232328621,76.553734
89.00662251655629,82.511284
80.92454112848402,81.831314
77.60711398544866,74.45908
97.77084957131724,98.0635
101.73618940248026,101.09511
89.02627511591963,86.870995
116.93311582381727,117.02656
84.19733750978857,88.52982
70.81967213114754,76.93063
100.15538290788014,97.915215
97.47343565525384,97.87617
72.76824583866838,71.12485
116.93311582381727,114.462296
76.39415604600559,83.37411
77.25561000773794,79.87202
95.64456411982498,95.7823
126.74071723262456,125.476616
109.3887240356083,109.52706
97.47223691168692,84.98913
103.40532959326788,106.42248
82.21409921671018,68.94178
101.94690265486726,101.67029
70.65678507538972,74.23425
100.07818608287724,99.50676
101.73618940248026,100.25084
101.73618940248026,101.43079
99.59966168593178,98.53726
95.64456411982498,95.53393
73.73118837571354,75.67743
103.40532959326788,106.38734
87.6121337827327,91.95697
63.850350740452065,76.80878
70.2928870292887,68.7695
69.10025706940874,72.91252
111.15449343655337,110.45131
100.75801749271136,101.55901
98.63858207038274,99.31046
68.64353312302839,74.65893
79.77148792521423,82.12797
65.5052985267511,68.01058
111.56420233463037,111.565506
77.34958918632388,73.69501
95.48845470692716,95.45442
81.5070310427169,76.6246
98.14696485623004,98.56656
67.47286821705427,67.997475
82.87024548152145,75.56954
99.59966168593178,97.340004
114.02969523313362,113.210785
86.13458528951487,85.96579
82.19263899765075,86.20351
80.14609966084008,80.705956
79.15433403805497,80.051384
86.39614302932905,90.85531
104.84641638225256,105.75244
104.21711899791232,104.32096
72.07507820646507,72.25482
87.0197628458498,87.13724
71.3312693498452,67.99256
79.77148792521423,80.4843
84.06567630961689,83.05266
80.56648308418568,82.08166
77.49547218628719,76.25985
68.96988906497623,68.22773
116.93311582381727,116.89413
95.07565337001375,95.545006
74.50445726271631,77.998566
86.83670786221404,87.81258
73.51351351351352,79.02485
66.24048706240487,70.38115
99.35018050541515,96.13954
69.02458366375892,68.94139
68.67964229352972,70.05432
71.51577858251423,81.25493
71.12992855252712,69.405525
67.29686670207116,71.60682
78.9873417721519,78.799614
78.67612293144208,87.924385
109.59830866807611,109.74699
75.03448275862068,76.125496
82.62398320650748,81.05511
80.10430247718384,81.575096
126.74071723262456,124.86496
101.40582524271844,101.48193
70.21943573667711,76.57756
84.3073706220596,83.19278
104.84641638225256,105.86667
85.22322580645161,84.89421
81.40641158221302,81.81197
110.40250914793518,101.103355
90.84824004616272,88.55779
101.73618940248026,100.035065
99.43146636645088,99.04732
76.97764070932922,77.334595
119.75051975051976,120.160805
100.15538290788014,99.965225
111.15449343655337,111.10887
77.81761496492595,78.74285
116.93311582381727,116.81223
83.45500139314572,81.53085
84.55045871559633,86.00065
97.77084957131724,98.169334
93.27131782945736,92.77489
78.26751592356688,73.79333
116.93311582381727,117.030624
93.2491500728509,93.86977
102.4,100.24779
73.76947040498442,69.65607
95.07565337001375,95.51322
65.98281697474616,70.76084
101.94690265486726,101.92065
112.43921568627452,112.851616
70.91048986919724,77.91176
76.3062536528346,82.54803
84.85097636176774,84.98247
83.47826086956522,81.7169
87.97708929966154,94.91283
91.76997759522033,91.06838
99.43146636645088,99.58269
69.3498452012384,71.131836
74.69669823393909,77.61611
111.56420233463037,111.6401
93.21645313553609,92.065895
79.64739434793881,79.78744
88.38874680306905,88.96971
118.62835959221502,117.58262
66.06882168925965,72.44683
116.93311582381727,116.73229
71.9795512638455,68.17975
119.00826446280992,117.458
105.58754863813228,103.6899
97.47223691168692,96.56807
70.66246056782335,71.82421
93.75381485249235,93.66141
85.09147127029117,81.96981
91.34899912967798,80.948654
72.7578947368421,69.47621
89.44099378881988,89.395584
76.58460579619819,77.5851
83.54312354312354,86.66416
91.23548046462513,88.754105
68.01771294607971,71.33236
100.49725202826484,102.19219
89.3731816979635,86.72943
81.83271177410762,79.811905
116.93311582381727,116.986786
104.21711899791232,103.39964
69.37300743889479,72.005104
87.37456242707118,76.192444
72.41590214067278,74.48426
77.32909379968204,75.44618
118.62835959221502,118.585724
72.3580214603507,86.638176
86.58399098083427,96.210106
126.74071723262456,125.22288
91.27334465195246,84.58787
116.93311582381727,116.997086
84.48196469685341,88.03858
85.54720133667502,90.0461
79.10112359550561,88.70766
83.2842757552285,83.312805
90.913190529876,85.936966
64.4700944386149,74.32487
104.84641638225256,103.09507
99.35018050541515,99.41451
101.67887323943664,103.83021
118.62835959221502,118.320465
112.43921568627452,110.38723
85.48796272327206,90.175964
83.84715362620224,83.14565
112.43921568627452,110.65367
68.19535126664925,67.80501
103.7137069547603,103.71494
104.84641638225256,104.527245
75.64541213063764,76.39836
78.02031779109143,74.92216
92.26429877252546,92.351166
104.84641638225256,104.98374
92.31251633133004,88.83472
87.34197302300979,82.164604
82.55899318300996,85.7967
95.48845470692716,95.16815
111.53526970954356,111.87989
86.39614302932905,93.24918
86.26959247648902,90.01831
88.1377151799687,88.32335
79.73063973063974,79.14071
74.05785770132917,78.04329
80.58761804826862,80.855576
96.60377358490568,96.34143
122.19092331768388,119.91111
103.342776203966,101.430595
88.50707176532215,79.88312
88.46073298429319,86.55096
67.71784232365145,69.14267
95.07565337001375,95.515785
69.51124903025601,69.11196
76.71924290220821,78.70148
101.40582524271844,101.586754
122.19092331768388,115.52958
95.64456411982498,95.69127
79.3010325655282,78.63351
90.40612124779284,93.0142
87.97708929966154,87.58051
101.92037470725997,100.71884
95.48845470692716,95.33693
114.7012987012987,114.7201
102.4,103.283554
98.7710774507002,98.94883
101.94690265486726,101.95048
71.03594080338266,70.600494
103.342776203966,104.867165
111.15449343655337,110.098625
101.92037470725997,101.37084
75.50561797752809,83.787186
79.09371781668384,81.533875
84.08759124087591,82.523735
103.7137069547603,102.43852
95.48845470692716,95.49793
65.93132154006244,69.582596
125.75945793337098,125.914696
71.413390010627,71.27393
116.93311582381727,117.07107
70.43062200956938,75.20733
79.73008045678692,79.83028
84.67692307692307,89.41769
78.94570374275172,77.93412
99.35018050541515,99.21552
82.04273058884836,74.07622
84.89460154241645,86.02814
111.82527301092044,111.76373
100.75801749271136,101.059326
116.93311582381727,116.67054
74.89720611491829,73.26382
109.3887240356083,110.842865
116.93311582381727,116.731224
71.31865216237729,69.00954
90.21686746987952,90.679436
81.53288451579492,81.48034
101.73618940248026,99.53201
101.40582524271844,103.32478
101.73618940248026,100.86641
70.05473025801408,68.78822
84.52830188679245,83.79155
74.99604117181315,80.81573
100.07818608287724,101.55658
88.32200731834814,89.841675
101.05263157894736,100.98804
102.4,103.108765
118.62835959221502,118.12446
89.44099378881988,90.08549
116.93311582381727,116.94011
79.19566898685228,79.43314
76.13879467779807,72.94871
80.56648308418568,82.63206
79.09759686120647,84.436264
98.14696485623004,98.00168
76.67892800840778,90.851494
98.06639912440716,97.85907
99.43146636645088,98.657906
97.60831889081456,98.0939
97.77084957131724,97.85373
76.21374045801527,80.213684
75.33404029692471,76.67537
91.2396694214876,89.83403
116.93311582381727,117.01956
82.32156862745099,81.016685
111.82527301092044,111.97276
71.85031185031185,74.16369
98.17547937245789,98.35879
82.62398320650748,77.22621
91.34899912967798,79.87484
84.06567630961689,85.076195
97.77084957131724,97.86386
79.79220779220779,81.19064
116.93311582381727,112.2698
